216 576
217 39
214 587
215 565
212 407
213 133
210 351
211 477
165 39
264 323
265 67
218 399
219 85
133 187
132 145
131 448
130 320
137 385
136 588
135 103
134 378
139 361
138 467
166 303
24 569
25 529
26 416
27 581
20 224
21 113
22 26
23 63
160 387
28 480
29 321
161 274
289 138
0 218
4 422
281 372
8 153
283 201
163 367
285 494
284 424
287 144
286 227
119 318
258 337
120 191
121 182
122 425
123 391
124 26
125 270
126 527
127 547
128 334
129 313
269 471
268 451
167 258
118 66
59 473
58 62
55 204
54 87
57 263
56 505
51 508
50 66
53 356
52 152
259 549
276 244
164 496
201 236
199 180
179 163
200 491
195 594
194 329
197 383
178 145
191 192
190 471
193 370
192 179
115 304
114 485
88 287
89 209
111 394
110 93
113 382
112 316
82 311
83 112

